"G36144" "G36291" "G64946" "G65809" "G66142" "G66147" "G66652" "G68204" "G68397" "G68498" "G72911" "G73845"
"OTU1" 64 6 12061 6 2691 1 18 15733 3330 3884 5712 1855
"OTU10" 1 0 1 99 1 1 0 1 13 0 1872 29
"OTU100" 0 0 0 0 0 792 0 0 0 0 0 0
"OTU1004" 0 0 0 0 0 0 0 0 2 0 0 0
"OTU1007" 0 0 0 0 0 0 14 0 0 0 0 0
"OTU101" 0 0 0 0 0 115 363 0 0 0 0 0
"OTU1017" 0 0 0 0 0 0 0 14 0 0 0 0
"OTU102" 35 2 171 0 0 0 0 0 20 3 0 0
"OTU103" 0 223 1 0 128 1050 9 0 0 17 0 0
"OTU1039" 0 0 0 0 0 223 0 0 0 36 0 0
"OTU104" 0 0 0 0 0 505 0 0 0 0 0 0
"OTU1040" 0 1 3 0 0 0 0 0 0 3 0 0
"OTU105" 0 0 0 0 3 0 0 0 0 3 0 0
"OTU1052" 0 0 0 0 0 20 0 0 0 0 0 0
"OTU1056" 0 0 0 0 0 0 0 0 0 19 0 0
"OTU106" 0 74 907 0 0 0 0 0 0 28 0 0
"OTU107" 0 43 0 0 0 0 0 0 0 0 0 0
"OTU1071" 0 4362 1 0 1361 0 0 0 0 0 0 0
"OTU1073" 0 0 0 0 2 0 0 0 0 0 0 0
"OTU1079" 0 0 0 0 1 6 1 99 1 2 0 0
"OTU108" 0 35 0 0 0 2 26 0 0 803 0 0
"OTU1087" 0 31 0 0 0 0 0 0 0 10 0 0
"OTU109" 0 0 0 0 0 54 0 0 0 35 0 0
"OTU11" 1 3132 4 0 40337 0 0 0 0 0 0 0
"OTU110" 23 0 0 0 0 0 0 0 0 0 0 0
"OTU1102" 0 0 0 0 0 5 0 0 0 0 2 0
"OTU1106" 0 21 1 11 0 707 11 0 0 102 0 0
"OTU111" 0 0 0 0 0 0 0 0 0 6 0 0
"OTU1117" 0 0 5 0 0 0 0 0 0 4 0 0
"OTU112" 0 1 0 3 0 0 16 0 0 1 0 0
"OTU1120" 0 0 0 0 0 0 0 0 0 7 0 0
"OTU113" 0 8 1 0 0 5 0 0 2 6 0 1
"OTU1134" 0 0 0 0 387 0 0 0 0 0 0 0
"OTU1139" 0 0 0 0 1 0 0 0 0 1 0 0
"OTU114" 0 0 0 0 0 0 12 0 0 3 28 0
"OTU1144" 0 21 0 0 0 0 0 0 0 0 0 0
"OTU1146" 0 0 0 0 0 0 0 0 1 0 0 0
"OTU115" 0 17 0 0 0 0 0 0 5 20 0 0
"OTU1150" 0 0 0 0 0 0 2 0 0 0 0 0
"OTU1155" 0 72 0 0 0 0 0 0 0 29 0 0
"OTU117" 0 6 0 0 0 0 0 0 0 0 0 0
"OTU1188" 0 0 1 0 0 0 0 0 0 0 0 0
"OTU119" 0 1 0 0 0 0 6 53 0 99 0 0
"OTU1193" 0 0 0 0 0 0 0 0 0 447 0 0
"OTU12" 0 187 5 171 6176 0 13 0 0 142 0 0
"OTU120" 0 129 370 0 19 0 0 0 0 0 0 0
"OTU1201" 0 0 0 0 0 0 0 0 2 0 0 0
"OTU1206" 0 3 0 0 0 0 0 0 0 0 0 0
"OTU121" 0 0 0 0 32 0 0 0 0 0 0 0
"OTU1211" 0 37 0 0 0 0 0 0 0 37 0 0
"OTU1212" 0 2 0 0 0 0 0 0 0 0 0 0
"OTU122" 0 83 0 0 2 0 0 0 0 0 0 0
"OTU1220" 0 0 0 0 53 0 0 0 0 4226 0 0
"OTU123" 0 0 10080 0 0 0 0 0 0 0 0 0
"OTU1239" 3 0 7 0 1 75 1 0 9 48 0 0
"OTU124" 0 0 0 0 0 0 7 0 0 0 0 187
"OTU1240" 3 71 12 46 410 588 17 0 56 42 0 13
"OTU1253" 0 0 0 0 4 0 0 0 0 0 0 0
"OTU1256" 0 0 0 0 0 0 0 0 0 6 0 0
"OTU1257" 0 0 0 1 0 0 0 0 0 0 0 0
"OTU1260" 0 1 0 0 0 0 0 0 0 0 0 0
"OTU1264" 0 6 0 0 0 0 0 0 0 0 0 0
"OTU1266" 0 3 0 0 0 0 0 0 0 0 0 0
"OTU1267" 0 0 2 0 0 0 0 0 0 0 0 0
"OTU127" 476 2 273 861 1595 1288 751 0 187 66 0 1285
"OTU1276" 0 0 2 0 0 0 0 0 0 0 0 0
"OTU1277" 0 16 0 0 0 0 0 0 0 0 0 0
"OTU128" 38 14 5 1 1 0 0 0 0 295 0 1
"OTU1281" 0 0 0 0 0 0 0 0 0 2 0 0
"OTU13" 0 0 0 0 25 0 0 0 0 5514 2078 0
"OTU1300" 0 7 0 0 0 0 0 0 0 20 0 0
"OTU131" 8 0 0 2 59 11 0 0 8 14 0 0
"OTU1325" 1 1 500 3 0 0 0 0 0 67 0 6
"OTU1347" 0 17 0 0 0 0 0 0 0 3 0 0
"OTU1355" 0 0 0 0 4 0 0 0 0 5 0 0
"OTU136" 0 9 0 0 5 510 0 0 0 0 0 0
"OTU1366" 0 0 0 0 1 0 0 0 0 0 0 0
"OTU138" 0 262 0 1 0 0 0 0 0 1057 0 0
"OTU1385" 43 0 0 0 0 2 13 0 7 0 0 399
"OTU1388" 4 0 0 0 0 0 0 0 0 0 0 0
"OTU1389" 0 0 0 0 15 0 0 0 0 0 0 0
"OTU139" 0 149 0 0 0 0 0 0 0 12 0 0
"OTU1394" 0 0 13 0 0 0 0 0 0 37 0 0
"OTU14" 34 2 856 303 8 0 36 4 0 366 0 0
"OTU1401" 3 1 9 0 3 63 0 0 12 74 0 0
"OTU141" 0 0 0 2 0 0 0 0 0 363 0 0
"OTU1411" 2 0 0 0 0 0 0 0 0 0 0 0
"OTU1421" 0 0 0 0 4 5 0 0 0 0 0 0
"OTU143" 0 0 76 0 0 0 0 0 0 0 0 0
"OTU1432" 0 0 0 0 0 0 0 1 0 0 0 0
"OTU1433" 0 0 0 0 1 0 0 0 0 0 0 0
"OTU144" 0 1 0 0 0 0 0 0 0 0 0 0
"OTU1442" 0 0 0 0 0 0 0 0 0 0 1 0
"OTU1449" 0 0 9 0 0 0 0 0 0 17 0 0
"OTU145" 0 307 0 0 0 0 0 0 0 0 0 0
"OTU1457" 0 0 0 0 0 0 0 1 0 0 0 0
"OTU1458" 0 0 0 1 7 4 0 0 0 0 0 2
"OTU146" 0 0 0 0 0 0 0 0 0 1 0 0
"OTU147" 0 0 1 0 0 0 0 0 0 0 0 2
"OTU1472" 0 0 0 0 0 1 0 1 0 0 0 0
"OTU1473" 0 0 0 0 0 2 0 0 0 0 0 0
"OTU1482" 0 1 0 0 0 0 0 0 0 0 0 0
"OTU1486" 0 0 0 0 0 0 0 4 0 0 0 0
"OTU149" 0 0 0 1 0 340 0 0 0 0 0 0
"OTU15" 36 5 114 1 35 0 0 2 3 11 0 1
"OTU1508" 0 0 8 0 78 0 0 0 0 0 0 0
"OTU1514" 0 0 0 0 0 0 0 0 0 1 0 0
"OTU152" 0 0 70 0 0 0 0 0 0 1 0 0
"OTU1526" 0 0 4 0 0 4 0 0 0 0 0 0
"OTU1530" 0 0 0 0 2 0 0 0 0 0 0 0
"OTU1532" 0 0 0 0 0 0 0 0 0 2 0 0
"OTU1534" 0 12 0 0 0 0 0 0 0 0 0 0
"OTU1536" 0 0 0 0 79 0 0 0 0 0 0 0
"OTU1537" 0 0 3 0 0 0 0 0 0 0 0 0
"OTU154" 0 0 0 0 0 0 0 0 0 0 0 1
"OTU1557" 0 0 0 0 1 0 0 0 0 0 0 0
"OTU1560" 0 0 0 0 0 1 0 1 0 0 0 0
"OTU1564" 0 0 0 0 0 0 2 0 0 0 0 6
"OTU157" 0 11 0 0 0 14 0 0 0 0 10 0
"OTU1578" 8 6700 1419 8 1807 4351 37 5 932 0 0 501
"OTU1579" 0 1 0 0 4 13 0 0 7 0 0 0
"OTU158" 0 0 0 1 0 0 0 0 4 0 0 5
"OTU1584" 0 0 0 0 0 0 0 0 0 1 2 0
"OTU1586" 0 0 0 0 0 0 0 0 0 3 0 0
"OTU1588" 0 56 37 0 6 68 0 0 14 0 0 1
"OTU1589" 0 0 0 0 0 0 0 1 0 0 0 0
"OTU159" 0 0 0 0 0 231 0 0 0 14 0 0
"OTU1595" 0 0 0 0 0 0 0 0 0 6 0 0
"OTU1596" 0 0 12 0 0 0 0 0 1 3 3 0
"OTU1597" 0 0 4 0 0 0 0 0 0 0 0 0
"OTU16" 142 151 30 370 80 2908 183 2647 82 746 2 77
"OTU1604" 0 0 0 0 0 0 0 5 0 2 0 0
"OTU161" 0 0 0 0 0 0 0 0 0 1 0 0
"OTU1611" 0 0 15 0 0 0 0 0 0 0 0 0
"OTU1617" 0 7 0 1 0 0 0 0 0 0 0 0
"OTU1624" 1 3 0 0 2 4 0 0 0 2 0 0
"OTU163" 0 0 0 0 0 0 0 0 0 91 0 0
"OTU1639" 0 14 0 0 0 0 0 0 0 0 0 0
"OTU1648" 0 3 0 0 0 0 0 0 0 0 0 0
"OTU1649" 0 0 0 0 0 1 0 0 0 0 0 0
"OTU165" 0 14 0 0 0 0 0 0 0 7 0 0
"OTU1657" 0 25 12 0 10 17 0 0 6 0 0 2
"OTU1659" 0 0 27 0 0 0 0 8 3 1 0 1
"OTU166" 0 0 31 0 41 0 0 0 0 2 0 0
"OTU1668" 0 0 0 0 0 18 0 26 7 52 0 0
"OTU167" 5 59 4 1 12 37 33 1 1 2 0 9
"OTU1670" 0 8 0 0 0 0 0 0 0 16 0 0
"OTU1672" 0 0 0 0 22 0 0 0 0 0 0 0
"OTU1678" 0 9189 0 0 0 0 0 0 0 1 0 0
"OTU1681" 0 0 0 0 5 2 0 0 0 0 0 0
"OTU1686" 0 0 20 0 0 0 0 0 0 4 0 0
"OTU1688" 0 0 1 0 0 0 0 0 0 0 0 0
"OTU169" 0 7 0 0 0 0 0 0 0 1 0 0
"OTU1694" 0 0 0 0 0 0 0 0 0 3 0 0
"OTU17" 6 605 1 0 636 2521 16 2103 845 341 9 0
"OTU171" 0 0 0 0 2 0 0 0 0 0 0 0
"OTU172" 0 12 0 0 0 0 0 0 0 0 0 0
"OTU174" 0 81 136 0 8 0 0 0 0 6 0 0
"OTU1743" 0 1 0 0 3 0 0 0 3 0 0 2
"OTU175" 0 74 0 0 0 0 0 0 0 9 0 0
"OTU176" 1 0 0 0 0 0 0 0 0 0 0 0
"OTU1762" 0 0 0 2 0 0 5 0 0 0 0 0
"OTU1763" 0 0 0 0 0 0 0 0 0 11 0 0
"OTU1764" 0 2 0 0 0 0 0 0 0 0 0 0
"OTU1766" 0 0 500 0 0 0 0 6 1 70 2 3
"OTU1767" 0 0 0 0 0 6 0 1 0 1 0 0
"OTU1769" 0 0 0 0 0 0 0 0 0 9 0 0
"OTU177" 0 0 0 0 294 0 0 0 0 0 0 0
"OTU1770" 0 0 0 0 0 3 0 4 0 0 0 0
"OTU1777" 0 0 0 0 0 0 0 0 0 0 0 1
"OTU1782" 0 0 0 0 0 1 0 0 3 0 2 0
"OTU1788" 0 0 0 17 1 0 0 0 0 0 0 0
"OTU179" 0 157 28 0 0 0 0 0 0 0 7 0
"OTU1793" 0 0 0 0 0 4 0 0 0 0 0 0
"OTU18" 0 6774 0 20 0 0 0 0 51 2 0 0
"OTU180" 0 0 0 0 0 0 0 0 0 111 0 0
"OTU1801" 0 0 4 0 8 0 0 66 3 0 0 0
"OTU1805" 0 15 18 0 5 40 0 0 10 0 0 0
"OTU181" 0 31 0 0 0 505 0 0 0 0 0 0
"OTU1818" 0 0 165 0 0 0 0 0 0 0 0 3
"OTU182" 0 0 13 0 0 0 0 0 0 0 0 0
"OTU1827" 0 0 2 0 0 0 0 0 0 0 0 0
"OTU183" 1 12 3 0 15 6 28 1 2 0 0 4
"OTU1839" 0 1 0 0 0 0 0 0 0 0 0 0
"OTU184" 0 0 0 0 0 0 0 0 0 20 0 0
"OTU1849" 0 0 0 0 0 3 0 0 0 0 0 0
"OTU185" 0 0 0 0 0 20 0 0 0 0 0 3
"OTU1850" 0 0 0 0 0 4 0 0 0 0 0 0
"OTU1851" 0 1 0 0 0 20 0 0 0 0 0 0
"OTU186" 0 0 1 0 0 0 0 0 0 2 0 0
"OTU1862" 0 10 13 0 4 10 0 0 1 0 0 7
"OTU1866" 0 0 0 0 0 0 0 0 1 0 0 0
"OTU1876" 0 0 0 0 0 0 0 0 2 0 0 0
"OTU1877" 0 0 0 0 0 0 0 10 2 0 0 0
"OTU1880" 0 0 0 0 0 2 0 0 0 0 0 0
"OTU189" 0 28 0 0 0 0 0 0 0 17 0 0
"OTU19" 34 765 105 2 162 2908 2 0 76 15 0 0
"OTU190" 0 0 0 0 1 5 0 0 0 150 0 0
"OTU1902" 0 0 0 0 0 6 0 0 0 0 0 0
"OTU1903" 0 0 0 0 0 3 0 0 0 0 0 0
"OTU1915" 0 0 0 0 0 0 0 2 0 0 0 0
"OTU1929" 0 0 0 0 0 0 0 6 0 0 0 0
"OTU193" 0 72 0 0 2 0 0 149 0 0 0 1
"OTU1934" 0 0 0 0 0 3 0 0 0 0 0 0
"OTU1935" 0 0 1 0 0 0 0 0 0 0 0 0
"OTU1947" 0 0 0 0 0 0 0 0 0 3 0 0
"OTU1948" 0 0 0 0 0 0 0 4 0 0 3 0
"OTU195" 0 11 0 0 0 0 0 0 0 0 0 0
"OTU1952" 0 0 0 0 0 0 0 0 0 17 0 0
"OTU1953" 0 0 0 0 0 0 0 0 0 0 1 0
"OTU196" 4 0 0 0 0 0 0 0 0 0 1 0
"OTU1962" 0 0 0 0 0 0 0 0 0 4 0 0
"OTU1963" 0 0 2 0 0 0 0 0 0 0 0 0
"OTU1973" 0 0 3 0 0 0 0 0 0 0 0 0
"OTU1974" 0 0 0 0 0 0 0 2 0 0 0 0
"OTU1976" 0 0 0 0 1 53 0 0 0 0 2 0
"OTU1989" 3 0 0 0 0 0 0 0 0 0 0 0
"OTU199" 0 7 57 0 5 1 0 0 0 98 0 0
"OTU2" 3726 4220 1865 9826 25142 12491 15950 591 1234 1547 727 6739
"OTU20" 56 5 426 6 31 49 6 96 0 3411 8 64
"OTU2000" 0 0 0 0 0 0 0 0 0 10 0 0
"OTU2010" 0 0 2 0 0 0 0 0 0 0 0 0
"OTU2013" 0 1 0 0 0 0 0 0 0 0 0 0
"OTU202" 0 27 0 0 0 0 0 0 0 5 0 0
"OTU2034" 0 0 0 0 53 3 0 0 0 13 0 0
"OTU2036" 0 0 3 0 0 0 0 0 0 0 0 0
"OTU204" 0 0 0 37 1 0 0 0 1 0 0 0
"OTU2045" 0 0 0 2 3 0 0 0 0 0 0 0
"OTU2046" 0 2 0 0 3 31 0 0 0 0 0 0
"OTU2047" 0 2 0 0 5 6 0 0 1 0 0 0
"OTU2050" 0 0 0 1 0 0 0 0 0 0 0 0
"OTU206" 0 0 0 0 0 0 0 0 0 39 0 0
"OTU207" 0 0 1 0 0 0 0 0 0 0 0 0
"OTU2079" 0 0 0 0 0 1 0 0 0 4 1 0
"OTU2080" 0 0 0 0 2 0 0 0 0 0 0 0
"OTU2093" 0 0 0 0 0 0 0 0 0 182 0 0
"OTU2097" 0 0 6 0 0 0 0 0 0 2 0 0
"OTU21" 5634 55 51 3 236 924 126 184 394 6 106 1073
"OTU2103" 0 0 0 0 0 0 0 1 0 0 0 0
"OTU211" 0 0 0 0 2 4 0 2 1 0 0 0
"OTU2113" 0 0 0 0 0 12 0 0 0 0 0 0
"OTU2130" 0 0 0 0 0 0 0 0 0 3 0 0
"OTU2135" 0 0 0 0 0 0 0 7 0 0 0 0
"OTU2149" 0 0 0 0 5 2 0 0 0 0 0 0
"OTU215" 0 0 0 0 0 32 0 0 0 0 0 0
"OTU2159" 0 0 5 0 0 0 0 0 1 1 0 0
"OTU2166" 0 1 0 0 0 4 0 0 0 0 0 0
"OTU217" 1 13 5 0 0 0 0 0 0 9 0 0
"OTU2175" 0 0 0 0 0 1 0 0 0 0 0 0
"OTU2179" 0 0 4 0 0 0 0 0 0 33 0 0
"OTU2182" 0 0 0 0 0 0 0 3 0 20 0 0
"OTU2183" 0 0 0 0 0 0 0 1 0 0 0 0
"OTU2188" 0 0 0 0 0 1 0 0 0 0 0 0
"OTU219" 0 0 0 0 0 0 0 0 0 170 0 0
"OTU2194" 3 0 0 0 0 0 0 0 2 0 0 0
"OTU22" 0 1471 1 472 33 0 64 0 0 0 0 0
"OTU220" 0 0 112 0 0 0 0 0 0 0 0 0
"OTU2204" 0 13 13 0 4 293 0 0 2 0 5 0
"OTU2217" 0 2 3 0 9 10 0 0 0 0 0 0
"OTU2223" 0 0 0 0 0 1 0 0 1 0 0 0
"OTU2224" 0 14 1 0 4 23 0 0 5 0 0 2
"OTU2225" 0 1 0 0 0 0 0 0 0 0 0 0
"OTU2227" 0 0 0 0 0 0 0 6 0 0 0 0
"OTU223" 0 0 0 0 0 0 0 0 0 4 0 0
"OTU2230" 0 2 0 0 0 0 0 0 0 0 0 0
"OTU2233" 0 0 0 0 2 0 0 0 0 0 0 0
"OTU2234" 0 0 0 0 0 0 0 0 3 0 1 0
"OTU2235" 0 1 0 0 0 0 0 0 0 0 0 0
"OTU2236" 0 0 247 0 38 45 0 0 0 0 0 0
"OTU2238" 1 0 5 0 0 0 0 2 0 0 0 0
"OTU2240" 0 0 0 0 0 5 0 0 0 0 0 0
"OTU2246" 0 0 2 0 0 0 2 0 0 0 0 39
"OTU2251" 0 0 0 0 0 0 0 0 0 2 0 0
"OTU2264" 0 0 0 0 0 29 0 0 0 0 0 0
"OTU2268" 0 0 1 0 0 97 0 0 0 0 3 0
"OTU227" 0 0 1 0 3 5 3 0 0 0 0 17
"OTU2275" 0 0 0 0 4 0 0 0 0 0 0 0
"OTU2278" 0 0 0 0 0 4 0 0 0 0 0 0
"OTU2279" 0 10 0 0 0 0 0 0 0 0 0 0
"OTU2280" 0 10 0 0 0 0 0 0 0 0 0 0
"OTU2281" 0 14 0 0 0 0 0 0 0 0 0 0
"OTU2285" 0 13 0 0 1 0 0 0 0 0 0 0
"OTU2299" 24 0 0 0 0 0 0 0 0 0 0 0
"OTU23" 40 1 44 2358 9 55 50 0 5 0 0 115
"OTU230" 0 0 0 0 0 0 0 0 0 167 0 0
"OTU2303" 0 0 0 0 0 0 0 0 0 2 0 0
"OTU231" 1 0 0 0 0 2 0 0 0 0 0 1
"OTU2315" 0 0 0 0 0 3 0 3 0 0 0 0
"OTU2318" 0 0 0 0 0 0 0 0 109 0 0 0
"OTU2319" 0 74 0 0 0 0 0 0 0 0 0 0
"OTU2321" 0 1 0 0 0 0 0 0 0 0 0 0
"OTU2322" 0 0 0 0 0 0 0 0 4 0 0 0
"OTU2328" 4 0 0 0 0 0 0 0 0 0 0 0
"OTU233" 41 0 0 0 0 0 0 0 0 1 0 125
"OTU2333" 0 0 0 0 0 0 0 0 0 14 0 0
"OTU2338" 0 2 2 0 0 6 0 0 2 0 0 0
"OTU235" 0 0 0 0 0 0 0 0 0 74 0 0
"OTU236" 0 0 0 0 0 0 3 0 0 0 0 0
"OTU2361" 0 0 29 0 0 0 0 0 0 0 0 0
"OTU2362" 0 0 0 0 0 1 0 0 0 0 0 0
"OTU237" 0 0 0 0 2 0 0 0 0 0 0 0
"OTU2370" 0 0 0 0 0 176 0 0 0 0 47 0
"OTU238" 0 0 0 0 0 0 0 0 2 0 0 0
"OTU239" 0 0 0 0 0 0 1 0 0 0 0 0
"OTU2393" 0 0 0 0 0 4 0 0 0 0 0 0
"OTU2397" 0 0 0 0 0 4 0 0 0 0 0 0
"OTU24" 0 49 0 0 3068 0 0 0 0 0 0 0
"OTU2403" 0 0 0 0 0 2 0 0 0 0 0 0
"OTU241" 5 0 2 0 3 3 5 36 0 0 0 0
"OTU242" 0 0 0 0 0 0 0 0 0 10 0 0
"OTU2424" 0 0 0 3 0 0 0 0 0 0 0 0
"OTU243" 0 0 0 0 0 0 0 0 0 8 0 0
"OTU244" 0 0 0 0 2 122 0 0 0 0 0 0
"OTU245" 0 2 3 0 17 6 7 0 1 0 0 0
"OTU2452" 0 0 0 0 1 0 0 33 1 0 0 0
"OTU2463" 0 0 1 0 0 0 0 0 0 0 0 0
"OTU2465" 0 0 1 0 0 3 0 0 0 0 0 0
"OTU2468" 0 1 0 0 4 16 0 0 1 0 0 0
"OTU2470" 0 0 0 0 0 0 0 2 0 0 0 0
"OTU2476" 0 0 0 0 0 0 0 0 14 0 0 0
"OTU2478" 0 0 1 0 0 1 1 40 0 2 0 0
"OTU2479" 0 0 0 0 0 4 0 5 1 1 0 0
"OTU2487" 4 0 0 0 0 3 0 0 0 0 0 0
"OTU2488" 0 0 0 0 0 0 0 0 0 1 0 0
"OTU249" 0 0 0 0 0 0 0 0 0 0 113 0
"OTU2490" 0 0 0 0 0 0 0 0 0 0 3 0
"OTU25" 254 0 0 0 0 0 0 59 0 0 0 263
"OTU2505" 0 8 0 0 3 0 0 0 0 0 0 0
"OTU2512" 0 0 3 0 0 0 0 0 0 2 0 0
"OTU2513" 0 0 1 0 0 0 0 0 0 0 0 0
"OTU2514" 0 0 0 0 0 0 0 0 0 2 0 0
"OTU2523" 2 0 7 0 0 0 0 0 0 0 0 0
"OTU2527" 0 16 3 0 14 22 0 0 4 0 0 2
"OTU253" 2 0 0 0 0 0 14 0 0 0 0 0
"OTU2532" 0 1 0 0 2 0 0 0 0 0 0 0
"OTU2536" 0 0 0 0 0 0 0 0 1 1 0 0
"OTU254" 0 0 0 0 465 0 0 0 0 0 0 0
"OTU2542" 16 0 0 0 0 0 0 0 0 0 0 0
"OTU2548" 0 0 0 0 0 0 0 0 0 4 0 0
"OTU255" 0 12 16 0 9 0 0 0 0 11 0 0
"OTU2559" 0 0 0 0 0 0 0 0 0 4 0 0
"OTU2564" 0 0 1 0 0 0 0 0 0 0 0 0
"OTU2565" 0 1 0 0 0 0 0 0 0 0 0 0
"OTU2568" 0 0 0 0 0 1 0 0 0 0 0 0
"OTU257" 0 0 0 0 16 0 0 0 0 0 0 0
"OTU2572" 0 1 0 0 2 65 0 0 1 0 0 0
"OTU2573" 0 0 0 0 4 2 1 0 0 0 0 0
"OTU258" 0 5 0 0 0 0 0 0 0 4 0 0
"OTU2580" 0 0 0 0 0 0 0 1 0 0 0 0
"OTU259" 0 1 0 0 0 0 0 0 0 0 0 0
"OTU26" 215 79 421 1 80 658 5 198 21 92 4 174
"OTU260" 0 0 0 0 0 0 0 0 12 0 0 0
"OTU2602" 0 0 0 0 0 3 0 0 0 0 0 0
"OTU2603" 0 0 0 0 0 1 0 0 0 0 0 0
"OTU2616" 0 0 0 0 0 0 0 0 0 0 0 2
"OTU262" 0 0 0 0 1 0 0 0 0 21 0 0
"OTU2620" 4 7 0 0 47 5 0 0 5 0 2 0
"OTU2624" 0 0 0 0 0 0 0 0 0 12 0 0
"OTU2628" 0 0 0 0 1 0 0 0 0 0 0 0
"OTU2640" 0 0 0 0 0 0 0 0 0 0 0 1
"OTU2656" 1 0 0 0 2 0 0 0 0 0 0 0
"OTU2657" 0 0 0 0 0 0 0 0 0 7 0 0
"OTU2658" 0 0 0 0 0 0 0 0 0 3 0 0
"OTU266" 0 0 0 0 0 0 6 0 0 0 0 0
"OTU2660" 0 0 0 0 0 2 0 0 0 0 0 0
"OTU2662" 1 0 0 0 0 0 0 0 0 0 0 0
"OTU267" 1 0 0 0 0 0 0 0 0 0 0 0
"OTU2673" 0 0 0 1 0 0 0 0 0 0 0 0
"OTU268" 9 0 0 0 0 0 0 0 0 0 0 6
"OTU2683" 0 0 0 0 30 4 0 0 0 0 0 0
"OTU2687" 0 0 0 0 1 0 0 0 0 0 0 0
"OTU2688" 0 0 0 0 3 0 0 0 0 0 0 3
"OTU2695" 0 0 0 0 0 0 0 0 0 1 0 0
"OTU27" 0 273 980 2 462 2284 0 0 636 17 58 0
"OTU270" 2 0 0 7 19 12 0 2 31 8 0 280
"OTU2708" 0 0 0 0 0 0 0 0 0 1 0 0
"OTU2711" 0 0 0 0 0 1 0 0 0 0 0 0
"OTU2713" 0 0 9 0 0 0 0 0 0 0 0 0
"OTU2717" 0 0 0 0 0 19 0 8 0 12 0 0
"OTU2724" 0 0 1 0 0 0 0 0 0 0 0 5
"OTU2726" 0 0 4 0 0 0 0 0 0 1 0 0
"OTU2731" 0 3 0 0 0 0 0 0 0 39 0 0
"OTU2735" 0 0 0 0 0 0 0 0 0 6 0 0
"OTU2741" 0 0 5 0 0 0 0 0 0 27 0 0
"OTU2745" 0 0 1 0 0 0 0 0 0 0 0 0
"OTU2750" 0 0 0 0 0 0 0 1 0 0 0 0
"OTU2753" 0 0 0 0 0 0 0 0 0 2 0 0
"OTU2760" 0 0 0 0 0 1 0 0 0 0 0 0
"OTU2775" 0 1 0 0 0 0 0 0 0 0 0 0
"OTU2782" 0 0 1 0 0 0 0 0 0 0 0 0
"OTU2786" 0 1 0 0 0 0 0 0 0 0 0 0
"OTU2797" 0 0 0 0 0 0 0 0 0 53 0 0
"OTU28" 0 2 233 0 0 3 0 0 0 0 0 0
"OTU2800" 0 3 2 0 0 4 0 0 3 13 0 0
"OTU2802" 0 0 0 0 0 2 0 0 0 0 1 0
"OTU2807" 0 0 0 0 0 3 0 0 0 3 0 0
"OTU2810" 0 0 1 0 0 0 0 0 0 0 0 0
"OTU2819" 0 0 0 0 0 6 0 0 0 0 0 0
"OTU2828" 0 0 0 0 0 10 0 0 0 0 0 0
"OTU283" 0 30 1 0 0 0 0 0 0 7 0 0
"OTU2838" 0 0 0 0 0 0 0 0 0 3 0 0
"OTU2848" 0 0 0 0 2 0 0 0 0 0 0 0
"OTU2853" 0 0 0 1 0 0 0 0 0 0 0 0
"OTU2855" 0 0 0 0 4 0 0 0 0 0 0 0
"OTU2863" 0 2 0 0 0 0 0 0 1 0 0 0
"OTU2868" 0 0 0 0 0 0 0 0 0 1 0 0
"OTU287" 0 0 0 0 0 0 0 0 168 0 0 0
"OTU2878" 0 0 0 0 0 2 0 0 0 0 0 0
"OTU288" 0 3 0 0 0 1 0 0 0 0 0 0
"OTU2881" 0 0 0 0 0 0 0 0 0 1 0 0
"OTU2887" 0 0 0 0 0 5 0 0 0 0 0 0
"OTU2889" 0 4 1 0 0 40 0 28 13 7 0 0
"OTU289" 0 0 0 0 0 0 0 0 0 10 0 0
"OTU2891" 0 26 0 0 0 0 0 0 0 3 0 0
"OTU2894" 0 0 0 0 0 0 0 0 0 1 0 0
"OTU2896" 0 0 0 0 0 0 0 1 0 12 0 0
"OTU2899" 0 1 0 0 0 0 0 0 0 0 0 0
"OTU29" 0 1 3 0 227 0 0 0 2184 1 0 0
"OTU2909" 0 0 43 0 0 0 0 0 0 0 0 0
"OTU2910" 0 0 0 0 4 1 0 0 0 0 0 0
"OTU2913" 0 4 0 0 0 15 0 0 0 0 0 0
"OTU2915" 0 9 10 0 3 15 0 0 3 0 0 0
"OTU2917" 0 1 0 0 3 24 0 43 9 5 0 0
"OTU2930" 0 0 0 0 0 0 0 0 0 366 0 0
"OTU2933" 1 0 0 0 0 0 0 0 0 0 0 0
"OTU2934" 1 0 0 0 0 0 0 0 0 0 0 0
"OTU2938" 5 0 0 0 0 0 0 0 0 0 0 0
"OTU2945" 0 0 0 0 0 0 0 0 0 2 0 0
"OTU2946" 0 0 0 0 0 0 0 0 0 4 0 0
"OTU295" 5 0 0 0 1 0 0 0 0 0 0 0
"OTU2951" 0 0 0 0 0 0 0 1 0 1 0 0
"OTU2955" 0 0 19 0 0 0 0 0 0 3 1 0
"OTU2959" 0 0 0 0 0 0 0 0 0 11 0 0
"OTU2964" 0 0 0 0 0 3 0 0 0 0 0 0
"OTU2967" 0 0 0 0 0 10 0 1 1 4 0 0
"OTU2968" 0 0 2 0 1 1 0 0 2 0 0 0
"OTU2969" 0 0 0 0 0 0 0 0 0 3 0 0
"OTU298" 0 76 0 0 0 0 0 0 0 0 0 0
"OTU2986" 0 2 0 0 4 0 0 1 5 2 0 0
"OTU299" 4 4 3 1 11 0 0 0 0 4 0 1
"OTU2999" 0 0 1 0 0 0 0 0 6 3 67 0
"OTU3" 34 1743 916 135 7397 19608 70 0 1062 0 243 316
"OTU30" 0 0 0 0 0 0 0 0 0 33887 0 0
"OTU3001" 0 0 0 0 0 0 0 1 0 0 0 0
"OTU301" 0 1 0 0 0 0 0 0 0 0 0 0
"OTU3036" 0 0 0 0 0 2 0 0 0 0 0 0
"OTU304" 0 0 0 0 0 0 0 0 1 0 0 0
"OTU3044" 0 0 0 0 0 0 0 0 0 9 0 0
"OTU3045" 0 0 0 0 0 0 0 0 0 7 0 0
"OTU3053" 0 0 0 0 0 4 0 0 0 0 0 0
"OTU3057" 0 0 73 0 0 0 0 0 0 1 0 0
"OTU3058" 0 28 2 0 11 33 3 0 33 0 0 37
"OTU306" 0 0 0 0 0 0 0 0 0 0 0 2
"OTU3064" 0 3 0 0 0 0 0 0 0 0 0 0
"OTU3065" 0 0 0 0 0 33 0 0 0 0 0 0
"OTU3069" 1 0 0 0 0 0 0 0 0 0 0 0
"OTU307" 0 3 14 0 0 0 0 0 0 3 0 0
"OTU3072" 0 0 0 0 0 1 0 0 0 0 0 0
"OTU3077" 0 1 0 0 0 0 0 0 0 1 0 0
"OTU3079" 0 0 1 0 0 0 0 0 2 0 0 0
"OTU308" 1 0 4 0 4 0 0 7 4 2 1 0
"OTU3089" 0 0 0 0 0 0 0 0 0 5 0 0
"OTU309" 0 0 0 0 445 0 0 0 0 0 0 0
"OTU31" 0 29 3 25 199 0 19 2155 0 0 0 0
"OTU3117" 0 0 0 0 0 0 0 0 0 7 0 0
"OTU3121" 0 0 11 0 2 0 0 0 0 0 0 0
"OTU3128" 0 0 0 0 0 0 0 20 0 0 0 0
"OTU3136" 0 0 2 0 0 2 0 0 0 0 0 0
"OTU314" 0 7 22 0 0 0 0 0 0 0 0 0
"OTU315" 1 2 0 0 0 0 0 0 0 0 0 0
"OTU3150" 0 17 0 0 19 0 0 0 0 0 0 0
"OTU3155" 0 0 0 1 1 1 0 0 0 0 0 0
"OTU316" 0 0 14 0 0 0 0 0 0 0 0 0
"OTU3163" 36 0 0 0 0 0 6 0 0 6 0 4
"OTU3170" 0 1 0 0 25 5 0 0 3 1 0 0
"OTU3174" 0 1 0 0 0 0 0 0 0 0 0 0
"OTU318" 0 0 0 0 0 0 0 0 0 50 0 0
"OTU3183" 0 8 0 0 0 26 0 0 0 0 0 0
"OTU3186" 0 0 0 0 0 0 0 0 0 11 0 0
"OTU3189" 0 0 0 0 0 0 0 0 0 0 1 0
"OTU32" 129 347 615 115 25 363 7 93 69 534 25 97
"OTU320" 0 0 0 1 0 0 0 0 0 0 0 0
"OTU3204" 1 0 0 0 0 0 0 0 0 0 0 0
"OTU3206" 0 0 0 0 9 0 0 0 0 0 0 0
"OTU3214" 0 0 0 0 0 0 0 0 0 1 0 0
"OTU3215" 0 0 0 0 0 0 0 1 0 0 0 0
"OTU3229" 0 0 57 0 0 0 0 0 0 0 0 0
"OTU323" 2 0 0 0 0 0 0 2 0 0 0 0
"OTU324" 0 0 0 0 0 0 0 0 0 3 0 0
"OTU3251" 0 0 0 0 0 0 0 0 0 0 1 0
"OTU326" 0 0 0 0 1 21 0 0 0 0 0 2
"OTU3263" 2 0 0 0 0 0 0 0 0 0 0 0
"OTU3290" 0 0 0 0 0 0 0 1 0 0 0 0
"OTU33" 37 38 706 4 50 87 64 11 0 683 2 124
"OTU3312" 0 0 0 0 0 0 0 0 0 4 0 0
"OTU3314" 0 0 13 0 0 0 0 0 0 0 0 0
"OTU3317" 0 0 0 0 0 0 0 0 0 3 0 0
"OTU3345" 0 0 0 0 0 0 0 0 0 5 0 0
"OTU34" 2 811 24 1 42 472 5 1 26 3380 91 0
"OTU341" 0 0 2 0 0 0 0 0 0 0 0 0
"OTU342" 76 0 0 0 1 0 6 0 33 0 0 273
"OTU344" 9 0 0 0 0 12 0 0 0 3 2 2
"OTU345" 4 0 0 0 0 0 3 0 0 0 0 0
"OTU346" 0 3 0 0 0 0 0 0 0 0 0 0
"OTU347" 0 0 0 0 0 0 0 0 0 20 0 0
"OTU35" 0 1496 1 634 3140 0 7 0 0 4 0 0
"OTU352" 0 0 0 0 0 0 0 0 0 2 0 0
"OTU354" 0 0 0 0 0 0 0 0 0 3 0 0
"OTU357" 0 0 0 0 0 0 0 0 0 3 0 0
"OTU36" 308 317 777 1 169 365 0 75 40 20 152 3
"OTU369" 0 13 0 0 0 0 0 0 0 0 0 0
"OTU37" 7 1 0 0 0 0 0 1 0 0 0 0
"OTU374" 0 0 0 0 0 0 0 0 0 0 0 2
"OTU377" 0 0 0 0 1 0 0 2 2 0 0 0
"OTU38" 3 0 1 0 11 0 0 1 1 0 0 0
"OTU384" 0 0 0 0 0 2 0 0 2 2 0 0
"OTU386" 0 0 0 0 5 0 0 0 0 0 0 0
"OTU387" 0 10 0 0 0 0 0 0 0 0 0 0
"OTU39" 86 117 3568 5 0 526 4 10 38 73 0 0
"OTU393" 0 1 0 9 0 0 0 0 0 14 493 0
"OTU4" 173 1446 4446 1 9 2 0 19 238 1283 801 382
"OTU40" 0 82 384 0 60 0 0 162 14 85 23 0
"OTU400" 0 0 0 0 2 0 0 0 0 0 0 0
"OTU402" 0 0 0 0 0 0 0 0 0 7 0 0
"OTU41" 0 0 0 0 0 0 1 0 0 0 0 0
"OTU411" 0 0 0 0 0 0 0 0 0 25 0 0
"OTU416" 0 0 0 0 0 0 0 0 0 1 0 0
"OTU419" 0 0 0 0 0 0 3 0 0 0 0 0
"OTU42" 2031 0 0 0 8 0 0 0 5 5 4 0
"OTU426" 0 0 0 0 0 0 0 0 0 4 0 0
"OTU43" 252 140 1 6 3 603 0 89 0 15 7 0
"OTU432" 0 0 0 0 20 0 0 0 0 0 0 12
"OTU437" 0 0 0 0 4 0 0 0 0 0 0 0
"OTU438" 0 0 1 18107 0 0 0 0 0 0 0 0
"OTU44" 60 0 35 1156 3 0 31 0 0 0 0 5
"OTU441" 0 0 0 0 0 0 0 2 0 0 0 0
"OTU442" 0 0 0 0 0 0 0 0 0 1 0 0
"OTU444" 0 0 0 0 0 0 0 0 0 3 0 0
"OTU447" 0 0 0 0 0 13 0 0 0 0 0 0
"OTU45" 0 0 29 2 0 0 9 0 75 2400 0 0
"OTU457" 0 0 0 0 0 0 0 0 0 3 0 0
"OTU46" 4 494 81 0 18 0 0 0 0 430 0 1
"OTU460" 0 0 0 0 0 0 4 0 0 2 0 0
"OTU461" 0 0 0 0 0 0 0 0 0 21 0 0
"OTU465" 0 0 0 0 0 0 0 0 0 2 0 0
"OTU467" 0 0 0 0 0 0 1 0 0 0 0 0
"OTU47" 0 0 1944 0 35186 1 0 0 0 0 0 4903
"OTU479" 0 0 0 0 0 0 0 0 0 1 0 0
"OTU48" 4 27 2 0 15 3336 0 294 620 1018 0 0
"OTU483" 1 0 0 0 0 0 0 0 0 0 0 0
"OTU484" 0 0 0 0 0 27 0 0 0 0 0 0
"OTU486" 8391 2 4 1 3 0 17 42 1 313 0 0
"OTU49" 2 0 6735 1 238 3 0 0 0 3898 0 728
"OTU491" 0 0 0 0 0 0 0 0 0 2 0 0
"OTU493" 0 1 0 0 0 0 0 0 0 0 0 0
"OTU497" 4 0 0 0 0 0 0 0 0 0 0 0
"OTU5" 751 1 30 6 444 2298 82 80 62 4 15 745
"OTU50" 0 0 0 4 0 0 0 0 0 0 0 0
"OTU500" 0 0 0 0 0 0 1 0 0 0 0 0
"OTU501" 0 3 1 0 0 0 0 0 0 0 0 0
"OTU503" 0 0 135 0 15 30 0 0 0 0 0 0
"OTU505" 0 1 0 0 0 0 0 0 0 466 28 0
"OTU508" 0 0 1 0 0 5 0 0 0 0 0 0
"OTU51" 2 121 0 0 61 1751 1 0 0 26 531 0
"OTU511" 0 338 0 0 0 400 4 0 0 0 0 0
"OTU513" 0 0 1 0 0 0 0 0 0 0 0 0
"OTU514" 0 0 0 0 0 0 0 0 0 11 0 0
"OTU515" 0 0 0 0 2 0 0 0 0 0 0 0
"OTU516" 88 0 1 0 3 8 43 3 39 3 0 24
"OTU52" 1 1 4 1 12 760 0 380 0 29 13 0
"OTU525" 0 104 0 0 0 0 0 0 0 287 0 0
"OTU529" 0 2 0 0 0 0 0 0 0 0 0 0
"OTU53" 80 70 64 25 38 0 0 11 4 37 6 31
"OTU537" 0 0 4 0 0 0 0 0 0 5 0 0
"OTU538" 0 2 4 0 0 0 0 10 27 1 9 0
"OTU54" 14 1595 0 0 33 0 0 0 0 0 127 0
"OTU543" 3 0 0 0 0 0 0 0 0 0 0 0
"OTU544" 0 0 0 0 0 0 0 0 0 3 0 0
"OTU545" 0 2 0 0 0 0 0 0 0 0 0 1
"OTU547" 158 54 80 0 54 1097 21 0 332 2552 1 0
"OTU55" 0 232 0 11 3 1198 19 0 0 968 0 0
"OTU558" 0 296 30 0 3 134 2 0 3 161 0 0
"OTU56" 434 4 6 0 0 2 0 0 0 0 8 0
"OTU569" 0 0 0 0 0 1 0 0 0 0 0 0
"OTU570" 0 0 0 3 0 0 45 0 0 0 0 0
"OTU58" 18 80 1 19 300 13 0 7 4 168 1 43
"OTU587" 0 0 0 0 0 1 0 0 0 0 0 0
"OTU588" 0 2 3 0 5 13 5 0 4 0 0 2
"OTU59" 0 2 42 0 0 0 3 17 1 0 0 0
"OTU590" 0 0 0 0 0 0 1 0 0 0 0 129
"OTU6" 415 924 2214 39 756 2238 85 4675 749 2661 59 5
"OTU60" 1 62 0 106 1 162 4 0 0 1459 0 0
"OTU602" 0 88 71 0 1401 149 1 0 0 0 12 0
"OTU603" 38 0 0 0 0 0 0 0 0 0 0 0
"OTU61" 0 2386 1 1 11 2206 0 0 1 5 17 0
"OTU612" 0 0 0 0 0 0 0 0 0 4 0 0
"OTU614" 1 2 0 0 0 10 0 1 0 0 0 1
"OTU617" 160 2 1 0 10 182 7 58 78 0 2 143
"OTU62" 2 8 0 0 0 969 0 23 0 483 182 0
"OTU628" 0 0 0 0 0 0 1 0 0 0 0 0
"OTU63" 0 953 0 0 55 0 0 0 0 0 0 0
"OTU633" 0 1 0 0 0 6 0 0 1 0 0 0
"OTU64" 0 0 0 0 9 2125 0 1609 0 0 0 0
"OTU640" 0 0 0 0 0 0 0 0 0 5 0 0
"OTU642" 0 1 0 0 0 0 0 0 0 0 0 0
"OTU646" 95 0 0 0 0 0 0 0 0 0 0 1
"OTU647" 0 0 0 0 0 0 0 0 3 0 0 0
"OTU65" 1 0 0 0 7 0 2 0 0 406 1 0
"OTU654" 0 0 0 0 0 1 0 0 0 0 0 0
"OTU658" 0 2 0 0 0 0 0 0 0 0 0 0
"OTU66" 0 1 0 0 0 0 0 0 0 0 65 0
"OTU660" 0 0 0 0 0 0 0 0 0 1 0 0
"OTU67" 1 0 0 0 0 0 0 0 0 0 0 0
"OTU678" 0 0 0 0 101 0 0 0 0 0 0 0
"OTU679" 0 0 0 0 0 0 0 0 4 0 0 0
"OTU68" 0 199 1 7 5 1691 0 0 0 0 134 0
"OTU69" 0 56 222 6 0 571 4 0 47 139 50 0
"OTU691" 0 30 0 0 60 0 0 0 0 0 0 0
"OTU7" 234 32 2419 1 1743 663 10 1703 84 57 20 55
"OTU70" 25 0 2 41 4170 0 0 0 11 1 0 12
"OTU701" 0 22 0 0 0 0 0 0 0 3 6 0
"OTU71" 0 0 0 1 0 0 0 0 0 0 0 0
"OTU710" 0 0 0 0 0 2 0 0 0 0 0 0
"OTU713" 0 0 0 8 11 25 3 0 10 0 52 4
"OTU72" 0 21 0 0 0 0 0 0 54 63 0 0
"OTU73" 0 55 54 0 6 0 0 0 10 6 4 0
"OTU739" 0 0 0 0 0 0 0 0 0 0 0 2
"OTU74" 120 65 889 0 18 366 0 111 16 0 4 2
"OTU741" 0 0 0 0 0 2 0 0 0 0 0 0
"OTU744" 0 0 0 1 0 1 1 0 0 0 0 0
"OTU75" 0 1 0 0 0 0 0 0 0 0 0 0
"OTU752" 0 97 0 0 0 0 0 0 0 0 0 0
"OTU755" 0 0 0 0 0 4 0 0 0 19 0 0
"OTU76" 0 0 1 0 0 0 0 0 0 0 0 0
"OTU760" 0 1 0 0 0 0 0 0 0 0 0 0
"OTU764" 0 1 0 0 0 0 0 0 0 0 0 0
"OTU77" 0 99 0 1 0 0 0 0 0 62 0 0
"OTU770" 0 11 0 0 0 0 0 0 0 2 0 0
"OTU772" 0 2 0 0 0 0 0 0 0 0 0 0
"OTU78" 0 135 0 0 0 0 0 0 0 0 0 0
"OTU787" 0 0 0 0 0 0 0 0 0 7 0 0
"OTU79" 0 0 0 1 0 0 0 0 0 0 22 0
"OTU791" 0 0 107 0 0 3 0 0 0 0 0 0
"OTU795" 0 0 0 0 0 0 0 0 0 4 0 0
"OTU796" 0 0 0 0 0 0 0 0 0 6 0 0
"OTU8" 66 0 46 3 170 1 1 11989 614 3 0 401
"OTU80" 0 0 1 0 179 0 0 0 0 0 0 0
"OTU808" 0 0 0 3 0 0 0 0 0 0 0 0
"OTU809" 0 95 0 2 287 697 2 0 61 30 0 3
"OTU81" 0 1 0 0 0 0 0 0 0 0 0 0
"OTU814" 0 0 0 0 0 22 0 7 0 0 0 0
"OTU815" 0 0 0 0 0 11 0 0 0 3 0 0
"OTU82" 0 0 0 0 0 0 0 0 0 1 0 0
"OTU83" 0 0 0 0 5 1 0 0 0 0 17 0
"OTU830" 0 0 33 0 1 0 0 0 0 0 0 0
"OTU84" 0 0 0 0 3 413 0 0 0 0 0 0
"OTU845" 0 0 0 0 0 0 0 0 0 10 0 0
"OTU85" 0 47 1 4 0 0 0 0 0 8 0 0
"OTU86" 0 247 0 0 0 0 1 0 29 31 0 0
"OTU864" 218 0 31 0 0 0 0 0 0 0 0 0
"OTU865" 0 18 0 0 0 0 0 0 0 0 0 0
"OTU87" 1 23 0 0 2 807 31 0 0 0 0 0
"OTU871" 0 1847 1 0 1 0 0 1 0 2605 0 0
"OTU874" 0 0 502 0 0 0 0 0 0 76 2 12
"OTU876" 0 0 0 0 0 0 0 0 0 3 0 2
"OTU88" 352 22 0 0 192 8 0 1 147 0 0 96
"OTU887" 0 0 2 0 0 0 0 0 0 3 0 0
"OTU89" 0 317 171 0 0 0 5 0 0 2688 0 26
"OTU890" 1 4 33 1 11 32 13 3 2 3 0 3
"OTU899" 0 0 0 0 0 0 0 0 0 4 0 0
"OTU9" 1182 2054 112 12 4111 1706 61 1482 455 336 303 0
"OTU90" 1 0 1 0 35 0 0 0 0 0 1 0
"OTU900" 1 3 0 0 9 0 0 0 0 0 0 0
"OTU91" 4 27 0 0 429 557 0 0 0 113 0 0
"OTU928" 0 292 0 0 2 0 0 0 0 0 0 0
"OTU93" 0 2 0 7 0 0 0 0 0 0 0 0
"OTU94" 0 95 1 1 2 0 0 0 8 11 1 0
"OTU95" 0 0 0 2 3226 0 0 0 0 0 0 0
"OTU951" 0 0 0 0 135 0 0 0 0 0 0 0
"OTU956" 2 0 1 0 5 9 0 1 0 2 0 0
"OTU96" 25 44 42 7 66 121 97 31 16 11 0 29
"OTU97" 0 0 0 3 0 154 0 3 400 3322 0 0
"OTU975" 0 0 0 0 0 2 0 0 0 0 0 0
"OTU976" 4 0 0 0 0 0 0 0 0 0 0 0
"OTU98" 0 281 0 0 0 0 0 0 0 0 0 0
"OTU99" 0 0 0 0 0 0 0 0 1 0 0 0
"OTU990" 0 0 1 0 0 0 0 0 0 0 0 0
"OTU993" 0 0 0 0 6 0 0 0 0 0 0 0
"OTU998" 0 9 12 0 0 0 0 0 0 9 0 0
